855
879
843
823
823
869
961
843
885
909
845
811
843
829
897
945
841
859
857
853
829
835
889
913
823
903
851
831
927
935
841
881
857
841
875
905
899
891
889
871
859
863
857
827
863
883
813
839
877
921
885
815
861
957
925
831
815
895
947
857
817
923
951
861
803
859
929
957
879
841
943
945
935
845
869
933
973
907
885
853
827
927
809
738
791
1070
321
779
626
558
929
479
666
957
811
957
668
650
696
624
660
624
624
612
604
612
614
614
622
616
660
668
678
672
736
744
748
785
758
754
783
769
769
783
762
787
801
764
799
811
767
781
825
855
849
815
849
881
875
865
923
941
917
867
927
939
897
867
899
899
879
839
893
869
849
853
871
823
871
887
839
857
913
895
839
847
805
841
885
716
817
853
746
791
805
779
767
742
775
783
803
835
803
811
839
863
855
797
773
829
865
877
829
889
937
843
897
915
835
849
905
879
879
853
919
955
955
899
885
985
1038
915
951
947
951
921
885
925
961
963
945
885
867
871
871
925
861
909
903
893
819
851
865
883
845
809
861
899
837
801
859
871
843
827
841
909
877
839
871
901
899
837
861
831
809
849
801
825
873
859
853
897
871
825
853
851
791
827
855
849
795
863
867
769
803
775
783
827
805
783
853
863
803
837
837
805
839
867
917
911
871
833
855
911
849
873
863
833
881
847
869
877
895
873
873
867
825
811
744
815
764
825
829
809
835
917
861
907
951
963
947
877
917
873
841
883
863
855
899
869
843
883
903
863
833
871
861
859
827
819
867
875
875
845
837
871
873
859
851
875
921
927
831
825
873
895
929
879
827
889
893
881
845
829
911
931
881
831
895
913
973
917
899
857
903
921
949
871
875
881
915
901
885
905
879
905
869
893
903
893
841
829
867
871
795
857
835
825
835
809
863
867
869
841
867
905
885
825
889
891
905
859
881
891
851
885
939
943
917
893
883
909
887
865
913
943
911
897
857
865
905
909
885
811
897
885
911
871
915
911
883
873
881
901
911
899
919
907
889
871
897
875
883
893
847
815
845
817
825
817
797
817
821
811
787
801
903
853
813
801
803
821
865
839
881
939
949
965
1009
919
943
949
923
927
937
941
949
891
963
955
909
943
981
951
929
911
943
955
907
893
909
913
919
883
897
873
879
831
887
901
889
849
895
881
881
871
899
885
883
919
867
851
831
881
951
935
881
925
947
965
895
877
935
905
911
855
915
941
967
949
949
993
885
883
907
923
895
891
901
901
853
829
891
911
909
899
843
881
897
877
845
789
873
889
873
851
887
881
887
867
931
929
873
923
911
881
931
855
889
901
903
855
873
895
881
917
897
845
869
895
861
857
883
829
807
871
903
921
925
955
925
885
913
905
899
879
863
821
897
929
945
983
899
867
913
911
887
857
847
895
883
909
897
893
891
903
857
937
985
971
911
873
889
889
857
831
853
913
907
889
841
867
893
893
899
837
845
915
911
855
839
887
897
863
867
927
923
909
901
869
887
905
881
895
913
925
909
867
901
909
897
905
835
813
851
865
887
869
837
883
901
895
857
825
901
913
963
919
889
851
901
907
885
883
829
909
917
939
891
897
841
889
909
911
847
865
915
923
925
873
829
839
913
949
973
969
901
897
915
971
987
949
915
829
783
849
861
875
869
865
843
805
829
869
891
927
835
897
915
907
837
905
893
899
817
813
865
903
879
849
887
907
913
903
895
919
873
831
891
883
901
897
889
893
843
779
789
933
1011
961
941
889
917
935
933
971
965
973
915
913
931
975
1017
955
909
851
881
951
965
943
901
923
893
891
869
871
889
901
883
901
877
883
881
851
859
873
857
849
803
823
827
827
777
809
815
795
777
764
793
817
831
841
871
957
1020
897
891
927
927
957
965
967
937
915
889
853
901
901
905
883
865
843
863
855
819
827
835
855
809
813
839
821
797
797
829
829
827
827
847
893
875
855
853
921
913
903
843
907
897
901
895
867
901
909
887
895
851
885
895
921
879
823
875
875
825
847
853
863
889
877
887
917
885
851
881
919
887
855
845
865
875
863
835
809
813
809
809
811
817
833
833
853
851
865
845
833
835
841
865
869
879
859
795
805
843
809
865
873
855
839
839
821
797
791
819
815
853
807
849
873
863
835
889
901
885
877
915
927
889
887
875
871
833
839
841
815
819
855
847
815
817
821
799
783
797
797
803
769
781
789
791
793
821
859
839
833
891
911
859
829
851
883
851
837
857
877
841
861
881
881
849
869
873
885
859
859
873
849
841
851
857
835
851
843
845
821
831
821
841
819
805
845
849
811
829
849
809
793
841
833
811
821
841
829
813
841
835
825
839
875
877
877
909
917
913
909
907
901
901
881
843
849
869
887
849
823
837
829
795
785
799
825
811
813
853
841
815
817
843
841
805
835
863
851
829
853
873
895
863
887
919
895
905
893
857
875
895
887
855
877
867
859
871
875
851
859
847
849
839
851
855
825
821
833
841
823
819
833
805
821
839
827
813
835
839
827
859
899
861
835
851
837
875
913
845
871
915
917
867
911
913
883
915
893
879
887
899
889
909
931
929
871
871
885
855
831
869
847
795
815
825
819
811
823
823
813
823
851
823
861
867
841
827
875
891
855
885
891
877
863
887
903
887
849
871
885
873
839
883
873
827
857
899
877
871
899
881
853
859
913
887
839
839
849
845
829
843
869
865
889
905
937
921
871
929
949
935
903
921
909
939
883
897
901
845
849
863
837
821
843
863
829
815
875
851
825
847
875
869
837
887
879
855
871
881
853
881
893
855
873
905
911
923
901
907
889
909
929
921
907
893
895
859
831
857
889
835
787
823
849
839
827
851
867
869
903
909
891
915
923
