712
769
809
839
789
740
746
809
863
925
833
793
744
722
710
706
684
686
690
783
885
937
901
883
1385
893
712
765
867
921
897
889
893
901
897
885
837
793
823
883
973
933
871
923
913
891
849
791
835
873
833
803
837
865
867
867
839
799
744
688
684
752
847
899
915
895
895
887
871
825
777
795
837
883
891
871
893
865
795
758
771
813
881
903
909
865
867
795
764
797
851
885
881
869
855
779
750
700
698
702
668
648
664
722
736
724
702
728
758
769
732
708
676
662
676
754
859
871
809
847
811
769
756
732
710
694
718
756
881
879
917
933
893
847
795
736
706
674
644
650
628
748
933
929
917
899
905
903
881
811
740
756
805
871
887
875
841
785
738
712
698
680
736
811
871
905
875
861
861
785
789
799
799
797
829
777
843
897
861
819
835
863
843
839
781
728
694
722
803
841
861
865
841
791
760
744
746
811
875
909
909
891
875
819
750
730
716
728
712
674
640
676
712
754
783
795
767
736
762
769
750
730
750
789
817
783
799
815
849
825
833
775
758
803
845
831
857
805
765
740
710
724
746
783
811
793
764
754
710
674
688
764
837
785
736
764
738
712
676
660
696
720
825
917
933
875
895
895
899
1144
616
819
789
775
793
861
957
919
957
839
857
899
865
869
867
869
855
861
879
855
841
817
777
748
779
825
829
843
815
773
744
702
694
704
750
769
813
849
427
429
837
981
560
710
748
815
893
935
911
889
855
827
773
795
871
861
829
767
764
791
809
819
843
827
797
760
738
732
714
698
785
885
921
941
929
955
897
815
746
724
740
801
837
853
829
823
811
805
791
777
805
845
867
851
845
811
752
698
662
632
648
696
756
803
1347
1088
742
702
668
638
640
642
638
656
656
678
789
861
947
945
923
911
895
861
825
767
712
690
670
672
671
672
821
791
756
722
718
710
754
764
771
785
748
728
734
710
704
764
760
754
734
740
748
833
885
913
899
873
855
821
807
801
809
791
765
767
807
881
951
941
913
865
839
773
742
756
855
891
861
835
797
803
849
869
901
927
911
921
909
885
889
847
867
885
847
879
917
921
831
839
883
893
815
754
734
742
789
805
809
813
809
779
740
730
795
875
875
831
791
764
758
779
815
853
877
849
813
762
718
700
720
700
704
740
765
779
762
740
688
716
748
795
825
807
762
714
722
760
839
899
899
915
899
901
899
809
795
825
843
845
799
767
758
758
799
865
871
833
783
785
775
734
700
692
726
724
742
775
762
734
734
779
827
861
847
817
787
758
728
696
652
658
662
698
859
897
941
907
895
863
829
805
781
740
698
670
1293
971
821
807
760
720
682
716
777
827
883
867
849
841
803
807
754
698
664
694
