736
714
706
732
767
756
740
740
752
764
764
756
734
732
769
797
805
971
628
809
771
777
791
811
781
760
762
779
809
825
805
756
724
680
656
642
686
740
758
797
817
803
760
722
718
706
694
696
708
732
730
758
779
809
837
831
827
809
762
744
742
750
746
730
748
728
760
807
841
863
837
835
779
764
746
732
739
732
837
861
859
851
833
803
775
764
765
754
752
760
748
726
765
811
839
849
813
835
837
837
813
789
777
777
779
750
760
767
793
777
769
793
795
813
779
767
764
775
752
714
686
678
704
716
760
781
801
791
775
777
750
720
726
738
734
732
718
716
728
726
708
712
736
764
785
789
762
734
720
704
698
708
718
736
754
767
921
668
797
817
791
771
795
789
787
734
732
750
769
795
782
795
756
716
690
672
676
672
698
738
769
785
813
809
762
771
767
754
736
722
716
706
704
696
710
748
821
855
881
843
815
807
819
825
809
754
740
750
769
783
953
1090
395
401
923
572
899
736
767
811
833
819
785
793
801
777
764
738
732
748
777
793
803
752
758
756
767
787
795
769
779
793
801
797
781
775
742
732
730
740
760
726
738
765
795
841
853
839
849
849
795
767
767
758
738
698
692
700
732
789
837
817
769
795
797
819
807
783
773
783
778
783
369
698
777
825
779
833
865
865
845
819
797
793
787
787
777
746
754
767
767
738
758
781
839
993
560
762
779
791
787
740
748
750
760
734
734
748
769
750
734
752
795
809
813
775
767
756
756
752
760
736
736
762
758
765
728
738
760
785
797
767
734
748
746
750
722
736
744
750
943
604
771
783
785
760
736
752
781
823
823
783
801
797
801
750
762
775
793
775
758
793
805
771
775
803
811
773
767
783
793
767
744
750
762
767
752
764
795
807
781
787
807
785
789
825
815
1323
1069
1323
682
662
642
624
612
616
618
616
791
514
1256
787
680
664
654
652
658
648
622
644
596
586
606
626
706
883
654
807
781
827
867
899
883
859
793
787
783
765
732
700
702
738
809
857
845
841
821
819
835
841
833
821
839
831
859
873
887
875
837
785
764
775
716
690
728
811
891
915
873
819
817
815
783
734
738
756
785
809
825
827
1032
588
764
777
795
817
813
807
769
777
813
831
855
869
869
863
839
777
752
767
805
489
647
489
893
879
861
983
572
698
692
628
660
628
817
839
861
835
789
748
742
726
710
361
325
656
668
694
626
632
756
453
624
616
624
624
640
658
674
666
325
327
692
696
767
347
469
841
833
819
758
748
771
809
819
809
783
764
779
825
857
837
839
787
760
767
823
837
849
825
795
767
718
684
680
706
777
873
877
881
815
809
827
833
819
799
771
740
728
746
469
331
867
841
845
843
817
815
833
857
865
813
777
785
821
849
839
813
803
746
718
706
696
682
678
672
666
656
656
744
829
775
