493
501
505
512
509
499
528
532
530
526
514
528
530
528
509
505
520
534
534
516
530
540
542
532
518
534
538
530
509
507
528
538
532
526
548
544
550
536
516
524
524
532
528
520
516
505
497
503
501
501
497
493
489
479
493
487
489
485
481
475
479
487
471
475
471
473
467
469
461
457
461
481
503
514
520
520
507
520
520
514
507
485
479
479
477
473
489
481
481
951
429
449
439
447
451
437
433
443
437
433
433
435
433
451
471
479
479
487
518
532
526
512
538
532
510
501
507
503
489
481
481
493
491
489
487
483
479
477
489
497
501
499
505
495
493
493
479
501
499
509
509
505
501
505
503
495
485
481
471
473
475
477
465
459
465
453
445
453
471
453
479
463
487
463
461
469
469
467
459
445
449
457
473
477
483
501
489
491
483
487
481
469
471
465
461
459
483
479
475
477
479
467
457
457
465
453
457
447
437
427
433
439
455
489
481
479
477
497
540
560
552
544
550
558
558
542
514
516
522
512
505
487
495
497
493
483
487
497
497
509
505
507
507
497
489
528
501
503
507
518
512
518
512
530
546
538
532
514
497
493
497
493
489
481
479
471
473
473
467
459
471
497
530
534
538
568
618
624
584
574
566
562
542
520
510
524
532
540
532
528
558
594
610
636
682
684
658
652
664
638
614
610
598
560
564
576
578
566
558
580
582
580
560
546
558
554
544
542
516
497
509
514
530
518
518
542
572
582
588
600
618
626
610
624
628
630
640
654
624
582
584
594
608
598
582
568
582
590
584
570
552
552
554
570
576
550
542
544
542
532
518
509
518
510
516
509
499
542
536
552
566
570
588
586
552
530
526
544
568
592
582
564
582
602
604
590
594
604
584
550
556
548
566
570
578
558
540
542
560
550
548
530
532
518
518
514
507
505
497
503
503
491
493
489
485
483
483
487
481
489
473
467
473
477
487
489
505
507
491
489
507
510
509
495
489
503
518
524
522
509
520
542
538
532
526
512
505
501
497
497
491
487
473
483
485
489
491
501
503
532
600
652
632
610
620
614
602
590
562
538
512
507
514
546
610
626
592
570
586
598
586
576
554
548
552
532
562
540
546
540
536
540
534
530
538
526
516
518
512
514
505
503
510
550
598
580
574
550
542
544
536
538
528
532
522
520
505
501
501
507
505
487
499
477
479
477
471
467
469
473
491
616
684
666
690
722
738
728
702
658
638
606
588
568
556
546
526
522
538
558
606
626
612
584
572
594
614
618
590
576
564
536
520
520
528
524
530
526
518
503
499
503
501
493
471
489
489
526
582
578
580
578
499
493
487
485
475
473
467
477
481
479
481
479
481
479
483
483
487
473
459
495
489
483
489
485
487
473
475
481
489
493
489
505
512
522
526
512
516
548
550
560
542
524
546
566
592
598
588
574
552
552
558
578
670
718
738
724
674
660
636
616
592
586
580
596
586
600
610
584
600
630
648
638
600
602
580
568
556
538
522
524
524
524
530
538
538
532
532
534
552
562
556
554
532
520
503
507
516
526
530
532
534
516
538
554
574
588
568
586
626
638
616
588
586
584
568
546
540
546
574
578
576
628
696
702
684
678
652
608
584
576
564
556
554
546
552
562
568
588
592
584
568
566
552
548
542
534
530
503
493
501
499
495
501
501
499
493
536
501
514
520
712
393
600
558
572
526
536
550
550
554
552
546
532
528
546
568
638
670
638
642
674
688
696
652
650
612
622
596
558
560
558
574
600
626
606
586
562
562
570
580
574
560
567
560
485
479
475
469
467
453
455
465
495
536
560
570
574
580
592
610
620
590
552
554
552
546
542
526
522
510
501
495
497
475
473
483
491
499
501
503
520
540
556
574
584
586
570
564
566
574
560
542
534
530
522
514
512
522
550
552
554
574
632
700
706
674
646
648
626
608
592
554
558
558
568
582
592
592
616
650
718
728
712
658
628
626
612
582
568
580
580
584
584
590
584
580
612
634
654
656
644
612
590
576
590
598
606
608
602
588
566
546
564
598
650
718
756
760
