720
644
666
684
740
662
708
742
752
329
355
670
648
662
686
680
660
658
678
684
674
634
612
644
654
658
656
658
650
708
676
704
803
843
827
833
835
762
730
722
708
662
672
690
724
704
680
670
694
678
650
662
670
688
678
650
668
680
728
680
646
672
682
718
716
686
736
762
746
720
765
756
712
744
762
678
696
710
728
688
676
694
696
694
656
658
678
728
746
698
744
738
740
692
748
769
754
734
779
765
698
746
756
720
688
702
716
738
680
698
702
696
638
608
604
634
730
744
771
748
690
686
722
732
726
688
744
744
750
700
740
754
754
694
734
738
730
672
724
718
710
676
722
744
748
716
750
771
756
696
706
722
740
736
688
680
696
742
716
680
684
718
698
668
674
704
718
704
688
744
752
704
714
728
718
686
710
746
783
748
732
773
783
718
765
819
847
807
821
843
821
775
811
825
817
762
756
773
769
730
742
783
785
758
777
781
767
771
813
821
750
746
744
740
720
750
779
736
736
777
801
775
734
765
795
815
750
722
720
734
732
694
676
716
720
738
720
684
692
720
724
742
694
678
706
718
710
694
674
730
748
746
698
690
750
785
817
746
732
783
799
785
746
756
756
748
686
680
716
718
694
672
638
640
698
767
787
781
775
760
746
700
732
740
750
732
694
698
730
728
738
686
702
740
732
702
646
640
638
616
610
644
654
646
690
726
771
756
712
718
771
746
742
690
704
758
754
746
706
704
752
779
807
779
724
690
769
815
831
837
829
791
742
710
724
716
694
764
791
823
821
795
767
748
720
700
700
767
831
849
839
825
769
738
720
714
722
716
704
684
710
752
756
765
764
732
714
734
764
765
764
730
728
750
771
783
765
742
748
750
754
748
730
767
793
795
758
742
752
765
752
708
710
698
702
668
642
650
706
754
781
777
756
724
720
736
752
760
724
714
738
771
795
801
760
765
769
773
726
724
758
756
730
734
752
760
722
752
764
730
738
767
767
730
744
754
728
722
754
748
720
708
714
712
690
688
714
718
698
692
712
710
704
706
694
672
666
706
706
712
674
678
724
746
728
686
684
718
716
690
716
732
758
728
758
758
742
690
688
744
811
831
809
762
750
775
775
718
704
734
726
682
672
702
668
692
718
765
781
754
791
835
829
781
797
789
758
720
728
726
720
678
724
742
756
706
702
740
732
750
702
696
746
762
833
813
771
801
827
823
775
781
787
771
710
674
730
736
756
724
714
781
809
811
767
805
817
805
793
805
813
803
789
823
841
813
783
793
799
765
754
771
785
762
726
748
762
750
710
666
642
736
799
827
839
825
787
736
732
748
752
728
742
795
833
799
803
807
767
756
773
783
742
732
750
722
690
674
704
734
742
736
706
694
736
742
708
712
720
704
698
680
714
708
684
706
720
714
676
704
714
728
688
682
740
702
676
722
758
756
706
732
702
678
650
712
734
760
736
744
742
704
680
716
718
676
676
706
730
712
728
779
787
758
752
787
771
722
