744
718
339
365
694
522
807
646
895
401
610
652
642
616
630
602
616
620
626
622
608
608
626
650
646
670
678
654
692
714
702
736
738
712
777
781
779
726
708
704
730
765
771
752
722
724
748
732
700
680
706
740
750
748
722
684
676
680
658
658
700
736
740
740
730
708
730
764
754
775
742
712
702
684
698
752
775
779
754
732
714
706
748
767
777
795
793
752
728
694
678
811
799
785
760
716
722
724
708
702
706
718
758
765
775
777
771
783
817
809
803
793
773
746
734
726
738
758
744
732
698
682
650
626
638
660
688
716
714
706
678
702
736
765
803
762
726
708
674
682
722
722
714
682
680
670
676
722
726
718
712
712
684
668
678
706
750
752
767
762
730
696
706
728
760
748
760
758
738
714
710
678
658
634
646
642
692
700
712
702
684
680
682
704
748
793
777
758
724
718
738
758
781
797
791
734
716
716
732
775
773
748
710
720
764
773
777
748
708
706
686
666
664
668
720
742
762
760
744
740
760
791
809
791
795
765
748
742
769
781
805
777
760
752
765
767
769
740
702
670
678
666
680
680
676
668
666
696
722
736
744
710
684
684
690
734
732
748
722
710
694
718
746
760
744
722
702
676
668
692
724
738
742
738
710
680
674
700
718
724
718
722
698
686
682
694
742
746
728
728
714
678
672
678
714
730
746
738
736
734
710
702
688
702
742
765
775
762
758
724
704
704
734
771
779
744
696
690
664
660
656
702
728
754
779
779
758
758
736
648
698
660
650
692
722
750
752
754
744
728
716
710
712
744
789
783
773
771
740
746
764
795
793
756
722
716
726
767
777
785
799
777
726
712
740
748
738
726
720
718
718
754
795
821
833
811
758
760
773
781
791
797
771
740
748
750
748
738
728
744
777
787
756
748
760
769
744
730
710
726
799
863
867
819
765
779
803
801
769
746
716
690
710
724
708
734
698
690
702
732
765
760
754
738
722
694
722
752
767
762
764
746
720
728
748
760
762
740
744
793
827
801
779
756
765
758
746
742
750
760
722
740
758
750
746
760
771
765
736
744
748
752
730
714
746
771
781
756
764
758
730
710
716
722
742
732
708
702
720
746
718
708
718
744
771
734
698
686
706
688
660
640
642
722
756
789
765
769
758
746
756
722
698
750
773
773
805
781
740
764
789
805
827
829
791
779
740
698
696
738
781
823
799
773
738
736
742
767
783
754
716
744
765
769
762
752
748
779
795
803
779
764
771
771
765
756
726
746
746
767
762
746
736
750
752
760
742
728
718
694
720
702
692
676
909
443
672
706
738
746
724
692
720
740
752
744
718
752
769
783
787
797
769
758
769
775
793
740
732
740
750
734
722
746
767
765
732
748
769
746
732
748
764
779
754
740
742
762
732
692
670
694
700
722
698
724
724
754
724
710
961
512
