732
702
682
704
732
740
712
682
690
758
662
903
459
650
706
636
720
654
687
654
650
704
331
349
734
688
676
714
730
660
694
664
692
690
325
359
654
706
341
349
624
347
654
919
425
353
803
499
668
889
503
700
397
329
704
700
692
666
658
953
453
630
658
692
618
656
710
654
668
664
638
638
650
648
646
630
618
628
700
722
758
734
708
710
698
696
795
789
789
754
728
764
767
760
726
718
732
726
724
700
704
740
754
738
732
708
704
742
752
775
769
728
712
748
773
799
750
720
736
773
781
769
750
758
783
791
756
726
732
750
760
730
710
726
756
750
736
710
734
758
762
746
718
738
779
785
769
730
718
740
744
764
728
704
738
769
765
760
732
754
781
797
773
736
734
762
765
732
710
710
752
754
777
752
732
758
789
791
769
740
765
807
807
983
471
359
453
720
716
740
787
819
813
779
771
803
805
787
752
744
777
805
785
765
746
736
777
811
815
791
775
771
801
795
785
762
764
797
821
821
793
775
781
807
805
789
756
746
760
807
813
793
758
750
781
819
813
787
765
785
825
837
821
789
769
807
825
819
783
762
764
795
811
807
785
779
795
813
813
797
777
785
817
831
807
783
777
797
815
825
779
767
791
831
837
793
765
787
837
809
779
767
762
805
809
809
807
811
833
861
837
799
760
732
771
799
823
793
783
764
807
841
829
791
781
815
831
821
803
805
819
843
841
797
793
803
833
821
787
789
831
809
421
359
767
756
797
728
748
777
785
775
742
748
785
762
724
710
736
746
919
596
775
744
742
337
389
752
736
746
748
744
710
690
726
863
837
825
817
773
760
736
746
803
859
855
823
809
861
881
871
825
811
793
746
801
777
758
750
750
738
769
773
797
787
771
791
805
799
797
775
783
795
829
827
803
785
785
809
845
833
813
787
789
799
839
851
815
785
769
764
795
835
827
819
787
789
849
879
861
851
809
791
829
843
827
811
799
787
787
839
883
447
405
839
793
795
797
835
855
1034
642
773
789
819
823
797
787
807
843
855
801
765
740
720
724
752
795
795
841
903
889
839
805
793
803
841
867
865
839
823
793
797
835
889
891
843
819
799
847
853
871
867
839
803
851
863
861
837
807
795
783
833
861
873
839
821
811
783
817
833
837
815
801
808
801
901
628
783
775
811
795
791
787
829
867
861
833
817
815
855
849
835
835
811
823
1148
1070
1007
931
901
889
857
845
811
787
353
433
871
730
779
769
777
789
837
865
847
821
793
773
793
795
809
809
813
789
783
805
803
801
801
789
775
797
811
833
825
809
795
785
803
809
815
801
777
771
779
815
823
827
797
765
773
811
821
815
799
785
793
795
835
845
829
793
789
801
839
843
807
801
811
827
839
841
819
795
807
819
821
847
821
791
789
841
879
881
841
819
825
827
843
841
823
815
845
877
853
841
823
821
801
843
839
829
847
821
805
813
861
847
797
767
355
375
710
730
1011
981
931
905
877
855
841
817
803
851
925
925
869
845
829
831
855
861
867
835
829
805
795
821
861
847
821
807
797
831
845
827
825
833
825
857
839
819
791
797
831
835
837
823
793
803
825
855
831
811
797
795
805
815
859
829
835
793
827
853
841
363
457
773
811
851
839
803
809
843
819
801
764
756
762
779
801
817
819
807
791
789
797
835
871
839
815
791
777
803
875
899
867
835
815
811
873
935
917
865
831
807
793
843
861
853
851
821
813
841
887
885
847
803
779
789
841
863
883
833
801
791
861
989
891
907
899
907
831
839
819
831
897
933
887
837
827
887
895
883
843
833
839
885
913
865
853
833
843
899
943
897
833
833
845
855
857
829
807
797
839
893
895
895
869
899
925
915
885
845
815
819
861
897
877
827
823
831
861
883
853
815
813
1168
1122
989
913
893
889
865
873
867
873
839
815
803
843
873
803
781
771
779
767
841
949
839
859
819
851
847
881
917
921
877
829
835
855
829
837
813
797
817
869
871
857
843
827
831
855
871
843
815
803
807
871
907
883
829
817
827
887
913
853
823
809
841
959
839
849
825
817
891
935
911
871
849
905
909
885
823
813
823
881
871
831
815
795
363
443
839
831
833
825
819
835
871
915
899
853
831
833
865
919
915
887
847
827
847
907
903
865
819
823
849
909
901
911
871
843
839
885
923
915
897
889
863
839
855
887
853
839
807
809
821
877
879
879
869
817
809
805
855
885
845
835
475
335
825
835
863
815
811
799
803
851
875
839
829
799
760
744
839
941
857
839
823
823
811
821
937
839
859
833
819
819
871
965
891
865
821
805
811
871
865
855
831
809
817
837
875
881
855
817
817
811
821
855
863
857
853
821
813
829
879
907
883
857
833
815
829
883
915
937
867
833
825
891
921
337
556
1003
680
801
827
879
905
891
871
881
913
933
915
867
845
825
823
845
855
863
809
807
813
859
857
867
893
883
871
873
881
869
849
821
855
891
907
927
915
877
867
869
881
859
851
847
847
853
877
871
825
821
823
843
859
845
819
811
809
845
867
867
853
835
325
507
805
801
813
799
453
345
765
764
811
1104
965
905
891
889
859
867
879
887
881
857
835
821
835
869
853
855
827
811
817
859
869
859
837
827
819
845
865
873
841
833
823
821
855
889
871
851
843
827
851
851
883
861
835
841
875
871
873
859
841
821
867
877
853
811
805
779
829
849
859
829
795
781
811
859
883
855
837
831
819
827
835
853
819
817
795
839
923
847
855
841
831
829
903
877
829
835
835
831
831
863
867
849
825
803
795
785
797
807
803
787
777
801
793
809
835
827
829
839
819
819
825
851
843
821
827
821
843
827
835
837
833
817
793
803
785
815
827
845
835
843
821
831
837
875
891
859
827
831
813
783
773
821
795
789
783
779
765
760
801
807
801
811
795
789
807
805
809
785
797
787
773
760
746
754
337
411
736
724
746
771
762
750
754
746
732
955
530
718
738
726
746
769
750
726
746
594
885
754
748
718
724
702
722
720
720
